%YAML:1.0
---
K: !!opencv-matrix
   rows: 3
   cols: 3
   dt: d
   data: [ 920.14443245947837, 0., 678.30266764754253, 0.,
       916.19806183977221, 356.48169039012043, 0., 0., 1. ]
D: !!opencv-matrix
   rows: 1
   cols: 5
   dt: d
   data: [ -0.32816950010734575, 0.2772638923271134,
       0.0059322833871157223, 0.0079118580479697036, -0.1727817782110784 ]
